40
0 25
0 2
0 3
0 17
0 19
0 6
1 27
1 10
1 2
1 7
1 35
2 9
2 13
2 21
2 6
2 3
3 13
3 19
3 39
3 0
4 14
4 27
4 34
4 32
4 37
4 15
5 19
5 4
5 18
5 10
5 26
5 31
6 33
6 2
6 18
6 3
7 24
8 3
8 10
8 11
8 14
8 33
9 31
9 36
9 7
9 28
10 27
10 3
10 9
10 37
10 21
10 35
11 17
11 32
11 15
11 28
11 7
11 4
11 26
11 13
12 35
13 23
13 36
13 4
13 31
13 19
13 5
13 26
14 21
14 35
15 28
15 11
15 3
15 22
15 1
15 37
15 10
15 18
15 4
15 39
15 6
16 30
16 2
16 29
16 31
17 20
17 14
17 31
17 26
17 2
17 28
17 32
18 12
18 4
18 33
18 27
18 20
18 21
18 25
19 27
19 39
19 8
19 34
19 14
19 22
20 21
20 26
21 35
21 38
21 12
22 28
22 10
22 13
22 8
22 33
22 0
23 22
23 5
23 35
23 17
23 31
24 18
24 12
24 16
24 33
24 11
25 37
25 38
25 10
25 3
25 19
25 15
26 1
26 2
26 23
26 15
26 0
26 9
27 26
27 24
27 12
27 34
28 37
28 23
28 4
28 29
28 11
29 32
29 3
29 13
29 12
29 11
29 2
29 1
29 18
30 5
30 10
30 22
30 18
30 21
30 17
31 24
31 1
31 0
32 36
32 34
32 13
33 9
33 24
33 11
33 0
33 5
33 29
34 24
34 25
34 38
34 0
34 16
34 32
34 23
35 9
35 19
35 38
35 8
36 30
36 6
36 11
36 35
37 34
37 27
37 14
37 20
37 26
37 5
37 30
37 28
38 4
38 25
39 7
39 27
