50
0 42
0 45
0 44
0 23
0 34
0 7
1 7
1 29
1 19
1 18
2 26
2 20
2 40
2 36
3 38
3 16
3 27
4 6
5 28
5 31
5 19
6 38
6 28
6 14
6 22
6 19
6 29
7 20
8 18
8 40
8 41
8 5
8 45
8 25
9 45
9 43
9 25
9 32
10 30
10 25
10 4
10 39
11 39
11 42
11 49
11 26
11 48
11 24
11 16
11 25
11 1
12 5
12 33
12 23
12 24
12 49
12 17
12 2
12 47
13 14
13 3
13 35
13 48
13 42
13 2
14 46
14 32
14 23
14 0
14 37
14 42
15 37
15 44
15 17
15 7
15 26
15 32
16 45
16 35
16 6
17 29
17 7
17 35
17 25
18 15
18 5
18 10
18 44
18 12
18 0
18 14
19 4
19 17
19 33
19 39
19 5
19 13
19 34
19 30
19 45
20 19
20 44
20 1
20 8
21 40
21 6
21 20
21 47
22 18
22 19
22 29
22 4
22 13
23 10
23 28
23 19
23 32
23 20
24 22
24 6
24 40
24 35
24 48
24 29
24 1
24 19
25 14
25 33
25 38
25 23
25 6
25 3
25 5
25 49
25 46
26 45
26 12
26 10
26 19
27 23
27 48
27 46
27 41
28 10
28 20
28 46
28 0
28 19
29 32
29 9
29 45
29 48
29 43
29 16
29 47
29 22
29 31
30 7
30 3
30 11
30 27
30 26
30 16
30 2
30 44
30 9
31 23
31 3
31 10
31 27
32 27
32 9
33 9
33 39
33 5
33 0
33 37
34 23
34 4
34 26
34 20
34 11
34 38
35 19
35 41
35 25
35 36
35 40
35 3
35 13
35 27
36 7
36 26
36 47
36 13
36 49
36 29
36 31
37 43
38 1
38 5
38 29
39 10
39 44
39 41
40 27
40 30
40 36
41 4
41 1
41 48
42 21
42 43
42 39
42 23
42 48
42 30
43 48
43 45
43 46
43 21
43 41
44 24
44 49
44 28
44 3
45 4
45 13
45 37
45 39
45 18
45 25
46 17
46 41
46 4
46 37
47 20
47 3
47 31
48 7
48 41
48 34
48 20
48 15
48 46
48 6
49 10
49 37
49 1
49 27
