38
0 1
0 16
0 19
0 21
1 17
1 16
1 24
2 11
2 32
2 14
2 25
3 29
3 2
3 6
3 18
4 9
4 28
4 32
4 3
4 25
4 12
5 1
5 19
5 10
6 9
6 11
6 20
6 15
7 11
7 30
8 29
8 2
8 10
8 7
8 28
8 4
8 19
9 8
9 17
9 11
9 5
9 3
10 24
10 29
10 18
11 10
11 35
11 16
11 0
11 24
11 30
12 26
12 25
12 14
13 4
13 9
13 19
13 14
14 9
14 11
14 12
14 6
15 22
15 36
16 4
16 20
16 13
16 10
17 11
18 5
18 14
18 4
19 22
19 21
19 0
19 35
20 1
20 28
20 15
21 35
21 26
21 6
21 10
21 33
21 24
21 18
21 12
21 27
21 15
21 0
22 26
23 12
23 31
24 14
24 8
24 21
25 34
25 22
26 9
26 37
26 35
26 11
26 23
26 30
27 31
27 34
27 4
28 2
28 37
29 34
29 33
29 23
29 7
30 22
30 8
30 17
30 15
30 3
31 10
31 6
31 19
31 33
31 23
31 13
32 12
32 31
32 35
32 3
32 20
33 37
33 22
33 17
33 15
34 31
34 5
34 30
34 11
35 37
35 22
35 25
35 28
35 36
35 17
35 21
36 11
36 25
36 7
37 7
37 32
37 18
37 36
37 30
